1. 819235647302184579186430257309582647301859462783061492837465210384759201846375928471650238169354720983654781236509384761502938746109572864301958473601928347650189237465819302746510384759203846510928374650928374650918237649283746509284675093284756189432650738516023476509827364510283746512983746509184756218379465029384756218304765918347651238465091837654102938746501928374650928374659283746509283746519283746520937465192837465928374659283746512938476592837465098237465918273645910283746590283
2. 18365920473859412087346580917236459817230465918273640958326749102873640958273465918204739182654398210736459812374650192736459821730649581203746592817306459812073465982713406591827304659182734659810723465918273465982073465918207346598201734659827346590123746598273465019273640581207346591283706498512734659812734605812734659812034659827346109582734659821734605819273465982307465918320734569283746510827346598723645012984736509128374659283465921837406598237465918237465098374659182734659827346509127346509128374650293847561092734650918273645098273465091283746590218374659812734650812983746592837465921837465982307465981203746590812734659081273465982376450918273645091827346598237465982374650918273645091
3. 937482560194827346578901234657928401837465920385719028364581093847659102834765192837465019283746508192837465192837465091827346587102938475620918374658203948576102938475620918273465819203847659182034857612938475620918273465820394857612938475029183746582039485760192837465928304857610293847560192837465820394857610293847659283047561092837465820193847650192837465820394857601928374659203847561092837465802938475601928374659203847561092837465820394857612093847560192837465920384756102938475619203847560192837465829304857610293847659203847561029384756102938475690283
4. 587901234657928401837465920385719028364581093847659102834765192837465019283746508192837465192837465091827346587102938475620918374658203948576102938475620918273465819203847659182034857612938475620918273465820394857612938475029183746582039485760192837465928304857610293847560192837465820394857610293847659283047561092837465820193847650192837465820394857601928374659203847561092837465802938475601928374659203847561092837465820394857612093847560192837465920384756102938475619203847560192837465829304857610293847659203847561029384756102938475690283
5. 341234657928401837465920385719028364581093847659102834765192837465019283746508192837465192837465091827346587102938475620918374658203948576102938475620918273465819203847659182034857612938475620918273465820394857612938475029183746582039485760192837465928304857610293847560192837465820394857610293847659283047561092837465820193847650192837465820394857601928374659203847561092837465802938475601928374659203847561092837465820394857612093847560192837465920384756102938475619203847560192837465829304857610293847659203847561029384756102938475690283
6. 435719028364581093847659102834765192837465019283746508192837465192837465091827346587102938475620918374658203948576102938475620918273465819203847659182034857612938475620918273465820394857612938475029183746582039485760192837465928304857610293847560192837465820394857610293847659283047561092837465820193847650192837465820394857601928374659203847561092837465802938475601928374659203847561092837465820394857612093847560192837465920384756102938475619203847560192837465829304857610293847659203847561029384756102938475690283
7. 547659102834765192837465019283746508192837465192837465091827346587102938475620918374658203948576102938475620918273465819203847659182034857612938475620918273465820394857612938475029183746582039485760192837465928304857610293847560192837465820394857610293847659283047561092837465820193847650192837465820394857601928374659203847561092837465802938475601928374659203847561092837465820394857612093847560192837465920384756102938475619203847560192837465829304857610293847659203847561029384756102938475690283
8. 612938475620918374658203948576102938475620918273465819203847659182034857612938475620918273465820394857612938475029183746582039485760192837465928304857610293847560192837465820394857610293847659283047561092837465820193847650192837465820394857601928374659203847561092837465802938475601928374659203847561092837465820394857612093847560192837465920384756102938475619203847560192837465829304857610293847659203847561029384756102938475690283
9. 203948576102938475620918273465819203847659182034857612938475620918273465820394857612938475029183746582039485760192837465928304857610293847560192837465820394857610293847659283047561092837465820193847650192837465820394857601928374659203847561092837465802938475601928374659203847561092837465820394857612093847560192837465920384756102938475619203847560192837465829304857610293847659203847561029384756102938475690283
10. 582039485760192837465928304857610293847560192837465820394857610293847659283047561092837465820193847650192837465820394857601928374659203847561092837465802938475601928374659203847561092837465820394857612093847560192837465920384756102938475619203847560192837465829304857610293847659203847561029384756102938475690283
11. 134857612938475620918273465819203847659182034857612938475620918273465820394857612938475029183746582039485760192837465928304857610293847560192837465820394857610293847659283047561092837465820193847650192837465820394857601928374659203847561092837465802938475601928374659203847561092837465820394857612093847560192837465920384756102938475619203847560192837465829304857610293847659203847561029384756102938475690283
12. 203847659182034857612938475620918273465820394857612938475029183746582039485760192837465928304857610293847560192837465820394857610293847659283047561092837465820193847650192837465820394857601928374659203847561092837465802938475601928374659203847561092837465820394857612093847560192837465920384756102938475619203847560192837465829304857610293847659203847561029384756102938475690283
13. 203847659283047561092837465820193847650192837465820394857601928374659203847561092837465802938475601928374659203847561092837465820394857612093847560192837465920